id,prediction_score_0,prediction_score_1,prediction_score_2,prediction_score_3,prediction_score_4,prediction_score_5,prediction_score_6
19219,0.5618,0.0028,0.0027,0.0009,0.0131,0.1533,0.2654
19220,0.302,0.0102,0.0203,0.0013,0.1762,0.1489,0.3411
19221,0.0082,0.0389,0.0423,0.0023,0.0119,0.2979,0.5986
19222,0.1559,0.0057,0.0041,0.0024,0.0227,0.3861,0.4231
19223,0.006,0.0047,0.0046,0.0019,0.0082,0.6316,0.343
19224,0.1442,0.5179,0.0031,0.0008,0.0047,0.1017,0.2276
19225,0.3815,0.0033,0.0033,0.001,0.0157,0.0922,0.503
19226,0.0141,0.3345,0.0045,0.009,0.0274,0.2053,0.4052
19227,0.0054,0.1379,0.2157,0.0077,0.0076,0.1461,0.4797
19228,0.2845,0.0138,0.0047,0.0013,0.0063,0.2347,0.4548
19229,0.0062,0.0263,0.0033,0.0021,0.0341,0.2935,0.6344
19230,0.0011,0.0021,0.9549,0.0002,0.0009,0.0058,0.0351
19231,0.0011,0.0016,0.955,0.0002,0.0008,0.0058,0.0355
19232,0.1384,0.0046,0.0021,0.0008,0.0159,0.0892,0.7489
19233,0.0058,0.018,0.003,0.0036,0.018,0.508,0.4436
19234,0.0047,0.015,0.0032,0.0052,0.0117,0.4651,0.495
19235,0.0451,0.0042,0.0033,0.0015,0.0053,0.7187,0.2219
19236,0.0565,0.0331,0.0584,0.0074,0.1526,0.2127,0.4792
19237,0.1613,0.0028,0.0029,0.0022,0.0074,0.5737,0.2496
19238,0.0024,0.608,0.0016,0.001,0.0037,0.1817,0.2017
19239,0.0014,0.0021,0.9449,0.0003,0.0011,0.0077,0.0425
19240,0.2096,0.0026,0.003,0.0021,0.0222,0.1447,0.6158
19241,0.007,0.0058,0.0058,0.0049,0.0139,0.5828,0.3799
19242,0.0017,0.0009,0.9622,0.0001,0.0007,0.0039,0.0305
19243,0.018,0.4771,0.0041,0.001,0.005,0.1187,0.3761
19244,0.0012,0.0021,0.9499,0.0002,0.001,0.0064,0.0393
19245,0.1777,0.0474,0.0027,0.0011,0.0122,0.174,0.5848
19246,0.3189,0.0218,0.0036,0.0014,0.0164,0.1777,0.4602
19247,0.014,0.228,0.0449,0.0017,0.0095,0.2746,0.4273
19248,0.0029,0.0058,0.8462,0.0006,0.0026,0.019,0.1228
19249,0.0193,0.0112,0.0033,0.0013,0.0063,0.5767,0.3819
19250,0.0009,0.001,0.0006,0.9132,0.0044,0.0069,0.0731
19251,0.0498,0.0015,0.0027,0.0028,0.0102,0.607,0.326
19252,0.0248,0.0779,0.0034,0.0019,0.0057,0.492,0.3943
19253,0.0306,0.0034,0.3716,0.0039,0.0078,0.1312,0.4516
19254,0.0047,0.0329,0.0043,0.0061,0.009,0.3505,0.5926
19255,0.3807,0.0014,0.0024,0.0008,0.0056,0.1584,0.4506
19256,0.0072,0.7343,0.0012,0.0009,0.0022,0.079,0.1753
19257,0.1515,0.0161,0.0283,0.0021,0.0849,0.2579,0.4592
19258,0.3099,0.0098,0.0028,0.0017,0.0036,0.148,0.5242
19259,0.0009,0.0017,0.9619,0.0002,0.0007,0.0049,0.0298
19260,0.0162,0.0912,0.0046,0.0025,0.057,0.3551,0.4734
19261,0.0697,0.0103,0.5344,0.0006,0.0302,0.0617,0.293
19262,0.3218,0.0232,0.0033,0.0013,0.0157,0.2616,0.3732
19263,0.0473,0.007,0.0032,0.0022,0.0429,0.4675,0.4298
19264,0.0264,0.0059,0.0026,0.0018,0.0078,0.696,0.2594
19265,0.0315,0.0174,0.0025,0.0047,0.0085,0.4317,0.5037
19266,0.0016,0.0029,0.9148,0.0003,0.0012,0.0095,0.0698
19267,0.165,0.0077,0.0034,0.0017,0.1246,0.3451,0.3526
19268,0.0049,0.0312,0.0027,0.0011,0.0093,0.1886,0.7623
19269,0.0011,0.0026,0.9499,0.0002,0.0009,0.0061,0.0391
19270,0.0513,0.0029,0.0018,0.0004,0.8425,0.021,0.0801
19271,0.0119,0.0151,0.0359,0.0014,0.0112,0.243,0.6814
19272,0.3197,0.0042,0.0224,0.0013,0.0362,0.328,0.2882
19273,0.0067,0.0055,0.0047,0.0059,0.0153,0.5424,0.4196
19274,0.0416,0.0017,0.0027,0.0021,0.0795,0.494,0.3784
19275,0.0436,0.0097,0.0307,0.002,0.0111,0.4736,0.4293
19276,0.0482,0.0412,0.0514,0.0022,0.1079,0.3139,0.4353
19277,0.0051,0.0214,0.0022,0.0014,0.0092,0.2914,0.6693
19278,0.0837,0.0203,0.0064,0.0016,0.0078,0.1574,0.7229
19279,0.0814,0.0018,0.0026,0.0046,0.0088,0.1868,0.7141
19280,0.2101,0.0595,0.0354,0.0018,0.0144,0.2823,0.3965
19281,0.0013,0.002,0.9452,0.0002,0.001,0.0085,0.0418
19282,0.0942,0.0025,0.003,0.001,0.003,0.7049,0.1914
19283,0.002,0.0193,0.8542,0.0012,0.0031,0.0163,0.104
19284,0.0263,0.0365,0.0591,0.0023,0.1462,0.3228,0.4067
19285,0.0177,0.0167,0.7081,0.0008,0.0202,0.0205,0.216
19286,0.0968,0.0065,0.6522,0.0006,0.0154,0.0264,0.2021
19287,0.0645,0.0112,0.0059,0.0019,0.0254,0.5036,0.3874
19288,0.0224,0.0063,0.0024,0.0017,0.0043,0.6258,0.3371
19289,0.0424,0.001,0.002,0.0014,0.0039,0.7167,0.2326
19290,0.1637,0.0048,0.0325,0.002,0.0254,0.3396,0.4321
19291,0.0009,0.0021,0.9595,0.0002,0.0007,0.0056,0.0309
19292,0.1743,0.0151,0.027,0.0017,0.0123,0.3929,0.3765
19293,0.0124,0.0542,0.0032,0.0012,0.0048,0.1628,0.7615
19294,0.0298,0.0376,0.0027,0.0028,0.0066,0.3135,0.6069
19295,0.0037,0.026,0.0035,0.0009,0.005,0.5721,0.3887
19296,0.0207,0.0103,0.0024,0.0013,0.0038,0.7131,0.2484
19297,0.0313,0.0022,0.0046,0.001,0.0053,0.1885,0.767
19298,0.0256,0.007,0.0383,0.0057,0.0647,0.1743,0.6844
19299,0.0187,0.0761,0.0067,0.0011,0.0122,0.1135,0.7716
19300,0.0017,0.0019,0.9047,0.0003,0.0013,0.0071,0.083
19301,0.001,0.0016,0.9477,0.0002,0.0008,0.007,0.0418
19302,0.004,0.0012,0.0009,0.835,0.0045,0.0115,0.143
19303,0.2491,0.0011,0.002,0.001,0.0031,0.0784,0.6654
19304,0.0031,0.0034,0.778,0.0005,0.0026,0.0142,0.1982
19305,0.0011,0.0019,0.9542,0.0002,0.0008,0.0058,0.0359
19306,0.0191,0.0034,0.0016,0.558,0.0056,0.0589,0.3534
19307,0.0126,0.005,0.0059,0.0012,0.0253,0.2422,0.7078
19308,0.0146,0.0491,0.1158,0.0043,0.0159,0.3366,0.4637
19309,0.1548,0.0031,0.1427,0.0011,0.0037,0.4685,0.2261
19310,0.0078,0.0264,0.0667,0.0489,0.0291,0.2968,0.5244
19311,0.0164,0.0884,0.0053,0.0021,0.0591,0.3911,0.4376
19312,0.0301,0.0048,0.492,0.0008,0.0054,0.046,0.4209
19313,0.0065,0.0172,0.0267,0.0011,0.0027,0.3282,0.6178
19314,0.0064,0.1435,0.0036,0.0013,0.0052,0.3884,0.4517
19315,0.0084,0.0013,0.0015,0.7663,0.0066,0.038,0.178
19316,0.1185,0.0091,0.0262,0.0018,0.0424,0.4716,0.3305
19317,0.0088,0.0398,0.0025,0.0661,0.0062,0.1763,0.7002
19318,0.0013,0.0035,0.0007,0.7492,0.0065,0.0547,0.1842
19319,0.0038,0.3589,0.0041,0.0062,0.0089,0.2086,0.4094
19320,0.0016,0.003,0.9314,0.0003,0.0012,0.0093,0.0531
19321,0.1633,0.005,0.0051,0.002,0.0292,0.384,0.4114
19322,0.0387,0.0073,0.0041,0.0027,0.0171,0.4275,0.5027
19323,0.0158,0.0069,0.0027,0.0017,0.0128,0.5866,0.3734
19324,0.2768,0.0024,0.0025,0.001,0.0045,0.5017,0.2112
19325,0.0139,0.0208,0.0432,0.0019,0.0213,0.3621,0.5368
19326,0.0311,0.5639,0.0014,0.0007,0.0028,0.1918,0.2084
19327,0.015,0.0542,0.1206,0.0025,0.0157,0.204,0.588
19328,0.0073,0.0199,0.4695,0.0027,0.0155,0.1413,0.3439
19329,0.0016,0.0026,0.9311,0.0003,0.0014,0.0089,0.0541
19330,0.0882,0.0254,0.0272,0.0017,0.0179,0.4804,0.3593
19331,0.1005,0.0044,0.0302,0.0017,0.0108,0.4557,0.3967
19332,0.121,0.0024,0.0055,0.0013,0.0123,0.2472,0.6102
19333,0.2914,0.0274,0.0038,0.0015,0.0533,0.1707,0.4519
19334,0.0036,0.5793,0.0016,0.003,0.0029,0.1235,0.2861
19335,0.004,0.715,0.0017,0.0006,0.0038,0.0631,0.2119
19336,0.2791,0.0042,0.0035,0.0014,0.0404,0.216,0.4552
19337,0.2922,0.0368,0.0034,0.0013,0.0116,0.3019,0.3529
19338,0.4978,0.1974,0.0034,0.0009,0.0085,0.0528,0.2392
19339,0.0326,0.0058,0.0026,0.0027,0.0037,0.5848,0.3677
19340,0.0128,0.0019,0.0025,0.0021,0.0066,0.6036,0.3705
19341,0.0019,0.002,0.9162,0.0003,0.0017,0.0087,0.0691
19342,0.1717,0.0048,0.0042,0.0014,0.0353,0.2972,0.4854
19343,0.0091,0.0445,0.0661,0.0013,0.008,0.3891,0.4818
19344,0.2073,0.0256,0.0299,0.0013,0.0084,0.2559,0.4717
19345,0.0007,0.9145,0.0005,0.0002,0.0006,0.0172,0.0663
19346,0.0059,0.0399,0.0334,0.0021,0.0192,0.3678,0.5317
19347,0.006,0.8557,0.0017,0.0004,0.0014,0.0361,0.0988
19348,0.0239,0.0164,0.0024,0.0025,0.0091,0.4976,0.4482
19349,0.0894,0.0064,0.0819,0.0098,0.012,0.2299,0.5707
19350,0.0281,0.0213,0.0665,0.0068,0.0368,0.2147,0.6258
19351,0.0097,0.0032,0.0038,0.0011,0.0041,0.6447,0.3333
19352,0.3589,0.003,0.0021,0.0007,0.0047,0.1209,0.5097
19353,0.1448,0.0887,0.0029,0.0021,0.0059,0.413,0.3427
19354,0.0256,0.0182,0.0027,0.0017,0.015,0.5944,0.3424
19355,0.046,0.0063,0.0021,0.0008,0.0037,0.3605,0.5807
19356,0.001,0.0024,0.9549,0.0002,0.0008,0.0057,0.035
19357,0.1608,0.0065,0.0036,0.0019,0.3168,0.2206,0.2899
19358,0.0183,0.0977,0.0796,0.0034,0.0202,0.3199,0.4609
19359,0.0509,0.0055,0.0721,0.0207,0.0367,0.3302,0.484
19360,0.0158,0.0038,0.0039,0.0034,0.0387,0.4452,0.4892
19361,0.0754,0.0068,0.0071,0.0016,0.0079,0.41,0.4913
19362,0.0009,0.005,0.0018,0.8661,0.0038,0.0241,0.0983
19363,0.0522,0.0217,0.0029,0.0019,0.0117,0.4135,0.4961
19364,0.0277,0.0046,0.0024,0.0017,0.0041,0.658,0.3015
19365,0.0347,0.0057,0.0025,0.0008,0.005,0.1134,0.8379
19366,0.1365,0.0096,0.032,0.0066,0.0937,0.3372,0.3843
19367,0.0125,0.0027,0.0023,0.434,0.0075,0.0886,0.4524
19368,0.071,0.0013,0.0028,0.004,0.0144,0.2582,0.6484
19369,0.1008,0.0087,0.0031,0.002,0.0044,0.4351,0.446
19370,0.2731,0.011,0.0284,0.0016,0.0105,0.3549,0.3205
19371,0.0615,0.003,0.0177,0.0029,0.0112,0.638,0.2657
19372,0.001,0.0019,0.9567,0.0002,0.0009,0.0056,0.0338
19373,0.0018,0.6847,0.0014,0.0006,0.0032,0.0589,0.2494
19374,0.0069,0.0358,0.0333,0.0014,0.0094,0.3185,0.5946
19375,0.0957,0.008,0.003,0.0019,0.0039,0.4474,0.4401
19376,0.1046,0.0049,0.0461,0.0591,0.0149,0.2679,0.5024
19377,0.0231,0.1639,0.0033,0.0015,0.0052,0.4348,0.3683
19378,0.03,0.0057,0.0039,0.0012,0.0047,0.4683,0.4863
19379,0.2341,0.199,0.0049,0.0015,0.0116,0.1851,0.3637
19380,0.2378,0.0502,0.0033,0.0013,0.0435,0.2726,0.3913
19381,0.0011,0.0012,0.951,0.0002,0.0009,0.0051,0.0406
19382,0.02,0.0016,0.0019,0.002,0.0032,0.8256,0.1458
19383,0.0808,0.0065,0.0029,0.0018,0.0035,0.3907,0.5139
19384,0.1225,0.0058,0.0028,0.0009,0.006,0.1531,0.7089
19385,0.0393,0.0047,0.0437,0.3587,0.0204,0.1275,0.4058
19386,0.0115,0.018,0.003,0.0016,0.0157,0.4984,0.4519
19387,0.001,0.0018,0.9591,0.0002,0.0008,0.0053,0.0319
19388,0.2475,0.0088,0.0288,0.0016,0.0688,0.1156,0.5289
19389,0.7634,0.0026,0.0014,0.0005,0.0278,0.0378,0.1665
19390,0.2572,0.0062,0.0293,0.0016,0.027,0.3092,0.3695
19391,0.0165,0.0398,0.0257,0.0064,0.0156,0.434,0.462
19392,0.1745,0.0178,0.0305,0.0059,0.0153,0.3301,0.426
19393,0.0011,0.0019,0.9525,0.0002,0.0009,0.0061,0.0373
19394,0.0086,0.0688,0.0028,0.0015,0.0064,0.1985,0.7133
19395,0.0079,0.7538,0.0015,0.0007,0.0037,0.0765,0.1558
19396,0.1236,0.3162,0.0031,0.0028,0.0171,0.1779,0.3593
19397,0.1302,0.0494,0.0183,0.0029,0.2143,0.18,0.4049
19398,0.0514,0.0402,0.0529,0.0023,0.0185,0.3874,0.4473
19399,0.192,0.0044,0.004,0.0009,0.0129,0.1228,0.6629
19400,0.0263,0.0015,0.0026,0.0012,0.0038,0.6912,0.2735
19401,0.0054,0.0069,0.1612,0.0107,0.0241,0.2842,0.5074
19402,0.0044,0.0194,0.0046,0.0103,0.0129,0.5207,0.4277
19403,0.0422,0.0012,0.0045,0.0009,0.3729,0.1153,0.4631
19404,0.2127,0.0036,0.0507,0.0101,0.1921,0.1099,0.4209
19405,0.0489,0.0053,0.0326,0.0022,0.0103,0.506,0.3946
19406,0.2647,0.0148,0.0037,0.0013,0.0067,0.2509,0.4579
19407,0.2295,0.0083,0.0024,0.0008,0.0041,0.2168,0.5381
19408,0.001,0.0018,0.9586,0.0002,0.0008,0.0053,0.0323
19409,0.0949,0.009,0.0254,0.002,0.0083,0.5387,0.3217
19410,0.0018,0.0003,0.0003,0.9455,0.0013,0.0047,0.0461
19411,0.0072,0.8218,0.002,0.0005,0.0032,0.0287,0.1366
19412,0.0046,0.002,0.9107,0.0003,0.002,0.0069,0.0735
19413,0.1259,0.008,0.0036,0.0013,0.0059,0.4477,0.4076
19414,0.0009,0.001,0.9645,0.0001,0.0008,0.004,0.0286
19415,0.0766,0.0051,0.0309,0.0127,0.0108,0.5491,0.3147
19416,0.0189,0.009,0.0017,0.0249,0.0088,0.0736,0.863
19417,0.0079,0.0501,0.0037,0.0011,0.0097,0.4326,0.495
19418,0.0942,0.0156,0.0036,0.0018,0.0435,0.4241,0.4172
19419,0.0037,0.0195,0.0045,0.4321,0.0176,0.1622,0.3604
19420,0.0055,0.0243,0.0559,0.0031,0.0091,0.246,0.6561
19421,0.0021,0.0051,0.0039,0.7236,0.0097,0.089,0.1667
19422,0.0071,0.0074,0.1048,0.0264,0.029,0.1846,0.6407
19423,0.0065,0.0217,0.0295,0.0017,0.0139,0.3996,0.5271
19424,0.0017,0.0032,0.9258,0.0004,0.0015,0.0096,0.0578
19425,0.3777,0.0053,0.0025,0.0015,0.009,0.2901,0.3139
19426,0.0056,0.0537,0.048,0.0041,0.0121,0.3494,0.5271
19427,0.001,0.0012,0.9547,0.0002,0.0008,0.0046,0.0376
19428,0.0065,0.0368,0.1449,0.0058,0.0124,0.198,0.5957
19429,0.0059,0.0196,0.3458,0.0089,0.015,0.0975,0.5074
19430,0.3099,0.0012,0.0024,0.0009,0.0104,0.4311,0.2441
19431,0.0053,0.0054,0.0034,0.0089,0.0104,0.4097,0.557
19432,0.0411,0.4529,0.002,0.0019,0.0035,0.2601,0.2386
19433,0.2061,0.0018,0.0025,0.0041,0.0054,0.5739,0.2061
19434,0.0422,0.001,0.0011,0.7269,0.0015,0.0605,0.1669
19435,0.1601,0.0069,0.0029,0.0011,0.0046,0.3787,0.4458
19436,0.0011,0.0013,0.9576,0.0002,0.0008,0.0044,0.0347
19437,0.1896,0.0016,0.0035,0.0013,0.0266,0.3461,0.4313
19438,0.0038,0.0343,0.0041,0.0015,0.0064,0.4841,0.4658
19439,0.0059,0.0271,0.0045,0.0049,0.009,0.4933,0.4553
19440,0.2215,0.0151,0.0271,0.0015,0.0122,0.3832,0.3394
19441,0.116,0.0224,0.0296,0.0019,0.0461,0.2224,0.5616
19442,0.0372,0.0147,0.0078,0.0016,0.0151,0.3459,0.5777
19443,0.0011,0.0033,0.9276,0.0002,0.001,0.0072,0.0595
19444,0.0623,0.002,0.0033,0.0056,0.0165,0.4089,0.5014
19445,0.0417,0.3812,0.006,0.0025,0.0805,0.1472,0.3408
19446,0.0011,0.0022,0.9517,0.0002,0.0009,0.0062,0.0377
19447,0.0453,0.6768,0.0015,0.0009,0.0056,0.0718,0.198
19448,0.1329,0.008,0.0038,0.0018,0.0305,0.3409,0.482
19449,0.0356,0.0074,0.0031,0.0019,0.0173,0.5922,0.3425
19450,0.0406,0.71,0.0013,0.0005,0.0025,0.0845,0.1607
19451,0.0224,0.0099,0.0338,0.0019,0.0123,0.2893,0.6304
19452,0.021,0.0015,0.0022,0.002,0.0037,0.6574,0.3122
19453,0.081,0.0055,0.0025,0.0014,0.0094,0.5787,0.3215
19454,0.1582,0.0237,0.0628,0.001,0.0613,0.1419,0.551
19455,0.0879,0.0129,0.0034,0.0022,0.0097,0.4696,0.4143
19456,0.0074,0.0308,0.0433,0.0024,0.0112,0.4051,0.4998
19457,0.0717,0.0042,0.0025,0.0013,0.0137,0.4962,0.4104
19458,0.0264,0.0217,0.0333,0.0015,0.0111,0.5165,0.3894
19459,0.0215,0.0147,0.0564,0.0117,0.0258,0.1736,0.6963
19460,0.0072,0.8237,0.0014,0.0004,0.0014,0.0421,0.1238
19461,0.0015,0.0018,0.9387,0.0002,0.0012,0.007,0.0496
19462,0.0072,0.0158,0.033,0.0027,0.0114,0.455,0.4749
19463,0.0015,0.0024,0.9373,0.0003,0.0011,0.009,0.0484
19464,0.0009,0.0017,0.9603,0.0002,0.0007,0.0059,0.0302
19465,0.0344,0.0022,0.0048,0.0023,0.0056,0.7062,0.2445
19466,0.3023,0.001,0.0024,0.0008,0.0172,0.1916,0.4847
19467,0.0013,0.0017,0.9216,0.0002,0.0011,0.0058,0.0682
19468,0.0362,0.0042,0.005,0.0035,0.0593,0.274,0.6177
19469,0.0269,0.0065,0.0028,0.0023,0.0233,0.4968,0.4414
19470,0.0342,0.0029,0.7363,0.0018,0.0128,0.02,0.1919
19471,0.004,0.0262,0.0027,0.0018,0.0046,0.5281,0.4326
19472,0.0128,0.0101,0.0273,0.0019,0.0129,0.4251,0.5099
19473,0.0204,0.0273,0.0877,0.005,0.0547,0.1944,0.6105
19474,0.0867,0.0068,0.0301,0.002,0.0095,0.5882,0.2767
19475,0.0267,0.0058,0.7359,0.0009,0.0085,0.054,0.1682
19476,0.0014,0.0018,0.917,0.0002,0.0011,0.0061,0.0724
19477,0.6943,0.0058,0.0023,0.0007,0.0261,0.0493,0.2215
19478,0.1668,0.0563,0.0203,0.0015,0.0346,0.4089,0.3117
19479,0.0976,0.589,0.0019,0.001,0.0028,0.1085,0.1992
19480,0.1056,0.0062,0.0027,0.0015,0.007,0.5805,0.2965
19481,0.0245,0.0508,0.0037,0.0084,0.015,0.2324,0.6652
19482,0.0059,0.1923,0.1139,0.0017,0.0097,0.1702,0.5064
19483,0.1858,0.3361,0.0024,0.001,0.0524,0.1482,0.2741
19484,0.0009,0.001,0.9555,0.0002,0.0007,0.0042,0.0376
19485,0.1658,0.0105,0.0268,0.0015,0.0188,0.4615,0.3153
19486,0.3755,0.0334,0.0061,0.0014,0.0717,0.1285,0.3834
19487,0.009,0.0012,0.0008,0.7885,0.0034,0.0262,0.1709
19488,0.3148,0.0038,0.0035,0.0013,0.0139,0.2727,0.3899
19489,0.0016,0.0018,0.9154,0.0003,0.0013,0.0074,0.0723
19490,0.0074,0.1304,0.0028,0.0025,0.0072,0.4493,0.4003
19491,0.006,0.0023,0.9305,0.0003,0.0018,0.0073,0.0519
19492,0.0011,0.0008,0.9605,0.0002,0.0008,0.0042,0.0324
19493,0.0291,0.0055,0.0028,0.0034,0.0097,0.5184,0.4311
19494,0.0071,0.0031,0.0032,0.0015,0.029,0.5369,0.4192
19495,0.0063,0.0021,0.0029,0.0019,0.0058,0.5688,0.4122
19496,0.0442,0.0251,0.0337,0.0021,0.0113,0.4777,0.4059
19497,0.0108,0.0183,0.0736,0.003,0.0124,0.3471,0.5348
19498,0.0619,0.5964,0.0015,0.0007,0.0024,0.1633,0.1738
19499,0.0682,0.011,0.0699,0.007,0.0288,0.3732,0.4419
19500,0.403,0.0035,0.0033,0.0013,0.0176,0.242,0.3293
19501,0.0011,0.0018,0.9532,0.0002,0.0009,0.006,0.0366
19502,0.127,0.0074,0.0033,0.0017,0.0429,0.3496,0.4682
19503,0.0058,0.0238,0.0515,0.0042,0.0139,0.1865,0.7142
19504,0.1196,0.0108,0.0033,0.0021,0.1733,0.1594,0.5315
19505,0.0011,0.0019,0.9541,0.0002,0.0008,0.0058,0.036
19506,0.0286,0.0104,0.088,0.0044,0.0115,0.3031,0.554
19507,0.115,0.0096,0.0192,0.0027,0.3534,0.1342,0.3659
19508,0.0148,0.0034,0.0028,0.0016,0.0045,0.4225,0.5504
19509,0.0927,0.0027,0.0035,0.0024,0.0094,0.4242,0.4651
19510,0.0069,0.0148,0.0715,0.0061,0.0148,0.2566,0.6293
19511,0.0793,0.1393,0.0069,0.0019,0.0158,0.298,0.4587
19512,0.14,0.0123,0.0043,0.0015,0.0039,0.3236,0.5144
19513,0.0089,0.0131,0.0028,0.0023,0.0048,0.5277,0.4405
19514,0.1656,0.0092,0.0299,0.0016,0.0103,0.4,0.3834
19515,0.0056,0.0259,0.0801,0.0777,0.0186,0.2148,0.5774
19516,0.017,0.0027,0.0018,0.523,0.0076,0.142,0.3058
19517,0.0014,0.0019,0.9146,0.0003,0.0011,0.0087,0.072
19518,0.0071,0.7808,0.0017,0.0006,0.0035,0.0339,0.1723
19519,0.0012,0.0008,0.9645,0.0001,0.0007,0.0036,0.0291
19520,0.0034,0.0077,0.0021,0.001,0.0027,0.687,0.2961
19521,0.0052,0.0021,0.0008,0.8025,0.0033,0.03,0.1562
19522,0.0146,0.0061,0.0158,0.0024,0.0036,0.0723,0.8852
19523,0.0014,0.0019,0.9362,0.0002,0.0012,0.0062,0.0529
19524,0.0007,0.0008,0.965,0.0001,0.0006,0.0038,0.0289
19525,0.2342,0.003,0.0025,0.0008,0.0049,0.1341,0.6205
19526,0.0015,0.0029,0.9361,0.0003,0.0011,0.008,0.0502
19527,0.0012,0.0022,0.948,0.0002,0.0009,0.0066,0.0408
19528,0.0089,0.01,0.0159,0.0024,0.1546,0.4985,0.3097
19529,0.0158,0.3251,0.0019,0.0009,0.0053,0.2164,0.4345
19530,0.0249,0.4681,0.0017,0.0015,0.0041,0.2612,0.2384
19531,0.0317,0.0075,0.0031,0.0014,0.0114,0.2895,0.6553
19532,0.0018,0.0037,0.9259,0.0003,0.0014,0.0099,0.057
19533,0.0089,0.0117,0.0051,0.0025,0.0117,0.4004,0.5596
19534,0.225,0.0125,0.0025,0.001,0.0994,0.0913,0.5682
19535,0.2249,0.0038,0.0119,0.0008,0.0144,0.0529,0.6912
19536,0.0173,0.0086,0.042,0.0024,0.0268,0.4074,0.4954
19537,0.001,0.0023,0.9559,0.0002,0.0008,0.0055,0.0342
19538,0.0046,0.0181,0.0027,0.0013,0.0066,0.3743,0.5924
19539,0.0186,0.0795,0.0615,0.0048,0.0722,0.2065,0.5569
19540,0.0585,0.0094,0.0055,0.0012,0.006,0.1543,0.7651
19541,0.0279,0.0215,0.0041,0.0014,0.0059,0.395,0.5442
19542,0.0385,0.0215,0.0783,0.0027,0.0805,0.3264,0.4522
19543,0.0585,0.0046,0.0584,0.002,0.0082,0.4546,0.4136
19544,0.0236,0.0271,0.5914,0.0014,0.0063,0.0508,0.2995
19545,0.0062,0.7159,0.0017,0.0116,0.011,0.0545,0.1991
19546,0.0432,0.0078,0.0526,0.0022,0.0164,0.3471,0.5306
19547,0.1224,0.0131,0.0031,0.0015,0.04,0.4256,0.3943
19548,0.118,0.0212,0.0048,0.0035,0.0386,0.2133,0.6006
19549,0.0018,0.7442,0.0024,0.0006,0.0038,0.0757,0.1714
19550,0.0385,0.0059,0.0029,0.0013,0.0038,0.5692,0.3783
19551,0.0881,0.0137,0.0435,0.0025,0.1508,0.1025,0.5987
19552,0.0281,0.694,0.0016,0.0011,0.0053,0.0702,0.1997
19553,0.0139,0.056,0.0037,0.0014,0.0372,0.2073,0.6804
19554,0.0176,0.0036,0.0053,0.0029,0.0177,0.2411,0.7118
19555,0.3,0.0019,0.0029,0.0015,0.019,0.0844,0.5903
19556,0.0009,0.0015,0.9621,0.0002,0.0007,0.0049,0.0298
19557,0.014,0.0011,0.0012,0.5444,0.0108,0.088,0.3405
19558,0.0894,0.0137,0.0266,0.0025,0.0218,0.5034,0.3426
19559,0.0181,0.0153,0.5624,0.0009,0.0131,0.0447,0.3455
19560,0.0158,0.0051,0.004,0.0011,0.005,0.5039,0.4651
19561,0.001,0.0024,0.9542,0.0002,0.0008,0.0057,0.0356
19562,0.0011,0.0011,0.9634,0.0001,0.0007,0.0038,0.0297
19563,0.0028,0.0033,0.8749,0.0005,0.0022,0.0272,0.0891
19564,0.0762,0.0558,0.0055,0.0019,0.0406,0.1564,0.6636
19565,0.0009,0.0011,0.9635,0.0001,0.0007,0.0038,0.0299
19566,0.0008,0.0024,0.9588,0.0002,0.0008,0.0048,0.0322
19567,0.0051,0.0159,0.0037,0.0012,0.0047,0.6295,0.3399
19568,0.0011,0.0021,0.9549,0.0002,0.0009,0.0058,0.0351
19569,0.0587,0.0149,0.0372,0.0021,0.0096,0.284,0.5935
19570,0.0013,0.0012,0.9601,0.0002,0.0008,0.0042,0.0323
19571,0.0013,0.0015,0.935,0.0003,0.001,0.0066,0.0543
19572,0.001,0.0017,0.9611,0.0002,0.0008,0.005,0.0303
19573,0.0768,0.6169,0.0018,0.0011,0.0046,0.081,0.2179
19574,0.0074,0.5672,0.0016,0.0006,0.0033,0.2061,0.2138
19575,0.0012,0.0037,0.951,0.0002,0.0008,0.0067,0.0363
19576,0.391,0.0062,0.0079,0.0041,0.0075,0.1673,0.4159
19577,0.5824,0.0047,0.0022,0.001,0.0175,0.1013,0.291
19578,0.2959,0.0011,0.0016,0.0007,0.0055,0.09,0.6052
19579,0.0139,0.0081,0.0053,0.0014,0.0069,0.1928,0.7716
19580,0.3173,0.0023,0.0229,0.0013,0.0852,0.2473,0.3236
19581,0.0016,0.0018,0.921,0.0002,0.0011,0.0061,0.0681
19582,0.0023,0.0005,0.0003,0.9196,0.0015,0.0075,0.0684
19583,0.0052,0.0105,0.003,0.2878,0.0055,0.1936,0.4943
19584,0.0028,0.7746,0.0015,0.0005,0.0022,0.0865,0.1319
19585,0.0008,0.0029,0.9571,0.0002,0.0009,0.005,0.0331
19586,0.7153,0.002,0.0032,0.0006,0.0153,0.0323,0.2312
19587,0.4447,0.0014,0.0022,0.0009,0.005,0.1791,0.3667
19588,0.0035,0.0105,0.0033,0.0058,0.0106,0.6186,0.3477
19589,0.0073,0.0108,0.0033,0.0018,0.0049,0.5733,0.3985
19590,0.0009,0.0017,0.961,0.0002,0.0008,0.005,0.0304
19591,0.166,0.0036,0.0061,0.0014,0.0099,0.2399,0.5731
19592,0.2716,0.003,0.0034,0.0013,0.0827,0.0822,0.5559
19593,0.0562,0.0202,0.0097,0.0211,0.035,0.237,0.621
19594,0.0178,0.0115,0.0088,0.0023,0.1611,0.2529,0.5456
19595,0.0035,0.5917,0.0014,0.0007,0.0026,0.111,0.289
19596,0.0405,0.4985,0.0021,0.0007,0.0074,0.1501,0.3009
19597,0.0941,0.4022,0.0026,0.001,0.0131,0.0651,0.4218
19598,0.0039,0.0009,0.0006,0.8551,0.003,0.0134,0.123
19599,0.0662,0.0231,0.005,0.0028,0.0345,0.4229,0.4455
19600,0.1077,0.0021,0.003,0.0021,0.0296,0.4714,0.3841
19601,0.0009,0.0021,0.9597,0.0002,0.0008,0.005,0.0312
19602,0.001,0.002,0.7429,0.0002,0.0008,0.0086,0.2445
19603,0.077,0.0039,0.003,0.0023,0.0166,0.4975,0.3997
19604,0.0086,0.0017,0.0021,0.001,0.0025,0.5661,0.418
19605,0.0412,0.0018,0.0024,0.0017,0.0065,0.7792,0.1672
19606,0.0017,0.0014,0.9396,0.0003,0.0011,0.0072,0.0489
19607,0.0082,0.0292,0.0715,0.0138,0.0146,0.3635,0.4992
19608,0.5314,0.0024,0.0038,0.0013,0.0241,0.1502,0.2868
19609,0.1996,0.0618,0.0043,0.0017,0.0161,0.2738,0.4425
19610,0.1093,0.0155,0.0369,0.0019,0.0201,0.3964,0.4198
19611,0.0069,0.027,0.0702,0.0092,0.0073,0.4449,0.4344
19612,0.0367,0.0161,0.0282,0.0015,0.0098,0.5574,0.3504
19613,0.0018,0.0004,0.0003,0.9411,0.003,0.01,0.0435
19614,0.0712,0.0031,0.0035,0.0028,0.0151,0.5804,0.3239
19615,0.001,0.0011,0.9538,0.0002,0.0008,0.0044,0.0387
19616,0.0439,0.0103,0.0504,0.0019,0.0277,0.1919,0.674
19617,0.0084,0.0149,0.0035,0.0015,0.0052,0.4029,0.5636
19618,0.0208,0.0016,0.0021,0.0016,0.0046,0.8258,0.1435
19619,0.3498,0.0486,0.0046,0.0015,0.1029,0.1296,0.3629
19620,0.001,0.0018,0.9581,0.0002,0.0008,0.0054,0.0327
19621,0.0008,0.0018,0.9701,0.0001,0.0006,0.0044,0.0222
19622,0.032,0.0026,0.0338,0.0148,0.015,0.4478,0.454
19623,0.0216,0.3689,0.0021,0.0009,0.0067,0.3402,0.2596
19624,0.0017,0.003,0.9232,0.0003,0.0013,0.0091,0.0615
19625,0.0203,0.0204,0.0348,0.0018,0.0173,0.2756,0.6298
19626,0.0233,0.0046,0.0035,0.0045,0.0149,0.569,0.3802
19627,0.0085,0.0026,0.0027,0.0013,0.0039,0.5566,0.4244
19628,0.445,0.0028,0.0033,0.0017,0.0291,0.1334,0.3847
19629,0.1049,0.0085,0.0106,0.0019,0.0222,0.3316,0.5203
19630,0.3402,0.006,0.0223,0.0013,0.2005,0.1003,0.3293
19631,0.0012,0.0012,0.9484,0.0002,0.0008,0.0055,0.0427
19632,0.1369,0.0017,0.0024,0.001,0.0041,0.6777,0.1761
19633,0.1861,0.0045,0.003,0.0012,0.4533,0.1396,0.2122
19634,0.0085,0.0129,0.5191,0.0017,0.0066,0.1185,0.3327
19635,0.025,0.0104,0.0053,0.0012,0.0428,0.1367,0.7785
19636,0.0128,0.0029,0.0039,0.0016,0.0057,0.6589,0.3141
19637,0.3195,0.0076,0.0388,0.0018,0.0385,0.2103,0.3835
19638,0.0827,0.5226,0.0018,0.0009,0.0391,0.0637,0.2892
19639,0.0449,0.0445,0.0031,0.0019,0.0079,0.5865,0.3112
19640,0.1376,0.0133,0.0037,0.002,0.0269,0.307,0.5095
19641,0.0041,0.2103,0.0027,0.0043,0.0054,0.3391,0.434
19642,0.0097,0.0019,0.0028,0.0016,0.0062,0.5941,0.3836
19643,0.0203,0.0024,0.0027,0.0021,0.0089,0.7057,0.258
19644,0.2823,0.0058,0.0021,0.0007,0.0072,0.0649,0.637
19645,0.0313,0.0085,0.0026,0.002,0.005,0.6148,0.3358
19646,0.0065,0.0177,0.0048,0.0013,0.0107,0.4793,0.4798
19647,0.0429,0.1002,0.0076,0.0018,0.0049,0.2705,0.572
19648,0.0025,0.0146,0.8066,0.0007,0.0035,0.0199,0.1521
19649,0.1793,0.0091,0.0248,0.0014,0.1649,0.204,0.4166
19650,0.0881,0.0014,0.0027,0.0029,0.0132,0.4759,0.4157
19651,0.0799,0.0277,0.0053,0.0025,0.1383,0.2233,0.5229
19652,0.0043,0.219,0.0029,0.0018,0.0044,0.359,0.4086
19653,0.3615,0.0149,0.0055,0.0014,0.0106,0.1925,0.4135
19654,0.0084,0.0607,0.0688,0.0025,0.0159,0.3011,0.5425
19655,0.001,0.002,0.9563,0.0002,0.0009,0.0056,0.034
19656,0.23,0.0017,0.0025,0.002,0.0135,0.557,0.1933
19657,0.0038,0.7176,0.0011,0.0005,0.0074,0.0995,0.1701
19658,0.1132,0.0426,0.0042,0.0016,0.0404,0.2688,0.5292
19659,0.1083,0.0021,0.0025,0.0016,0.0029,0.6216,0.261
19660,0.0347,0.6315,0.0015,0.0006,0.0236,0.115,0.193
19661,0.3345,0.0134,0.0044,0.0019,0.004,0.3306,0.3112
19662,0.035,0.0137,0.024,0.0018,0.1682,0.1164,0.6409
19663,0.004,0.0008,0.0006,0.8738,0.0023,0.0147,0.1037
19664,0.0199,0.031,0.042,0.0038,0.0132,0.5057,0.3844
19665,0.0095,0.0093,0.5535,0.0016,0.0068,0.0403,0.379
19666,0.0641,0.0093,0.0061,0.0073,0.1017,0.2531,0.5585
19667,0.0035,0.4855,0.0027,0.0024,0.0142,0.133,0.3588
19668,0.105,0.0085,0.0047,0.0034,0.1564,0.2268,0.4952
19669,0.0012,0.0012,0.9589,0.0002,0.0008,0.0047,0.0331
19670,0.001,0.0022,0.9631,0.0002,0.0007,0.0049,0.0278
19671,0.312,0.0073,0.0028,0.001,0.0121,0.1392,0.5256
19672,0.0349,0.0469,0.0744,0.0056,0.0533,0.2281,0.5569
19673,0.0009,0.0011,0.9619,0.0001,0.0007,0.0038,0.0315
19674,0.0045,0.0155,0.0032,0.004,0.0089,0.4591,0.5048
19675,0.063,0.0083,0.04,0.0016,0.0315,0.261,0.5945
19676,0.0351,0.0047,0.0094,0.0013,0.0367,0.1144,0.7983
19677,0.0687,0.0031,0.3441,0.001,0.0072,0.1532,0.4227
19678,0.0916,0.0013,0.0021,0.0012,0.0049,0.6282,0.2708
19679,0.001,0.0025,0.9572,0.0002,0.0008,0.0053,0.0331
19680,0.0024,0.0022,0.8353,0.0005,0.0017,0.0133,0.1446
19681,0.0134,0.0036,0.2981,0.0013,0.0363,0.0592,0.588
19682,0.0119,0.7604,0.0011,0.0004,0.0024,0.0674,0.1563
19683,0.2413,0.0091,0.0374,0.0016,0.0407,0.1353,0.5348
19684,0.0023,0.0013,0.1612,0.0037,0.1469,0.068,0.6166
19685,0.1195,0.0177,0.0295,0.0036,0.0296,0.4093,0.3908
19686,0.152,0.009,0.0364,0.0017,0.0114,0.1235,0.6659
19687,0.0043,0.0008,0.0009,0.8304,0.0041,0.0181,0.1415
19688,0.0259,0.095,0.0039,0.0015,0.0066,0.3722,0.4949
19689,0.0013,0.0014,0.9399,0.0002,0.0009,0.005,0.0514
19690,0.0039,0.7869,0.0013,0.0005,0.0026,0.0619,0.143
19691,0.003,0.0094,0.8129,0.0006,0.003,0.0198,0.1511
19692,0.0068,0.0202,0.0048,0.0019,0.0208,0.3485,0.597
19693,0.0562,0.0017,0.0022,0.0011,0.0122,0.7603,0.1665
19694,0.12,0.0041,0.0031,0.0019,0.0091,0.5574,0.3043
19695,0.0531,0.0015,0.0021,0.0011,0.0044,0.7579,0.1799
19696,0.103,0.0036,0.0027,0.0011,0.0068,0.5899,0.2929
19697,0.0061,0.0211,0.7076,0.0015,0.005,0.092,0.1667
19698,0.5936,0.0028,0.002,0.0007,0.0423,0.0662,0.2925
19699,0.0027,0.0005,0.0003,0.9226,0.0015,0.0088,0.0635
19700,0.2928,0.0076,0.0081,0.0017,0.0352,0.2927,0.3618
19701,0.0103,0.0113,0.0357,0.0019,0.0071,0.4319,0.5018
19702,0.0693,0.0019,0.0024,0.0012,0.0066,0.3969,0.5217
19703,0.011,0.0052,0.749,0.0005,0.009,0.015,0.2103
19704,0.0219,0.0024,0.0027,0.0064,0.0209,0.6307,0.315
19705,0.0012,0.0011,0.9552,0.0002,0.0009,0.0048,0.0367
19706,0.1956,0.0044,0.0293,0.0014,0.008,0.387,0.3743
19707,0.0363,0.0012,0.0012,0.0006,0.0024,0.1161,0.8423
19708,0.1073,0.0077,0.0032,0.0017,0.0068,0.473,0.4003
19709,0.0279,0.0013,0.0024,0.0012,0.0082,0.6963,0.2625
19710,0.0359,0.3983,0.0016,0.0009,0.004,0.2998,0.2595
19711,0.1247,0.0027,0.0023,0.0009,0.0062,0.6296,0.2336
19712,0.0019,0.0019,0.9348,0.0002,0.0011,0.0062,0.0538
19713,0.066,0.1288,0.0032,0.0026,0.0098,0.3934,0.3961
19714,0.0231,0.0042,0.0029,0.0015,0.0034,0.4234,0.5415
19715,0.0122,0.0437,0.185,0.0022,0.0092,0.2473,0.5003
19716,0.0073,0.0081,0.0039,0.0013,0.0087,0.2932,0.6776
19717,0.125,0.0093,0.0027,0.0009,0.6461,0.0667,0.1493
19718,0.2281,0.0048,0.0243,0.0016,0.0212,0.2874,0.4326
19719,0.0012,0.0021,0.9506,0.0002,0.0009,0.0064,0.0386
19720,0.0253,0.0014,0.0023,0.0018,0.0037,0.639,0.3264
19721,0.0265,0.004,0.0023,0.0012,0.0047,0.6508,0.3105
19722,0.0051,0.0019,0.0026,0.0011,0.0032,0.6887,0.2974
19723,0.0068,0.6339,0.0355,0.0015,0.0054,0.0611,0.2558
19724,0.0253,0.3023,0.0067,0.0017,0.0101,0.2395,0.4144
19725,0.0074,0.0086,0.0086,0.0053,0.0136,0.2966,0.6598
19726,0.0098,0.014,0.0039,0.0013,0.0065,0.455,0.5095
19727,0.0014,0.0011,0.9579,0.0002,0.0008,0.0044,0.0341
19728,0.0136,0.0748,0.0052,0.0024,0.0746,0.3026,0.5268
19729,0.0062,0.0374,0.088,0.0016,0.0143,0.3523,0.5002
19730,0.0074,0.045,0.032,0.0031,0.0193,0.3246,0.5686
19731,0.0242,0.0074,0.0025,0.0023,0.007,0.5868,0.3698
19732,0.0011,0.0029,0.9492,0.0002,0.0006,0.0078,0.0381
19733,0.3493,0.0016,0.0022,0.0009,0.0074,0.3441,0.2944
19734,0.3336,0.0129,0.0032,0.0013,0.043,0.3079,0.2981
19735,0.0203,0.0563,0.0298,0.0021,0.033,0.3734,0.485
19736,0.0043,0.1021,0.0022,0.0092,0.0123,0.3215,0.5483
19737,0.1058,0.0129,0.0269,0.0018,0.0145,0.494,0.3442
19738,0.0034,0.0032,0.0024,0.5102,0.087,0.0389,0.3549
19739,0.0422,0.0327,0.0349,0.0019,0.0301,0.2805,0.5778
19740,0.0493,0.0077,0.003,0.0014,0.0144,0.2124,0.7117
19741,0.0011,0.0021,0.9538,0.0002,0.0009,0.0059,0.036
19742,0.0684,0.7333,0.0015,0.0006,0.0043,0.0355,0.1565
19743,0.0021,0.0056,0.8948,0.0004,0.0014,0.017,0.0788
19744,0.0194,0.1183,0.0606,0.0019,0.0219,0.3658,0.4121
19745,0.001,0.0011,0.9605,0.0001,0.0008,0.0041,0.0323
19746,0.0166,0.0015,0.0024,0.0012,0.0037,0.5791,0.3955
19747,0.0405,0.0174,0.0717,0.0123,0.0379,0.1632,0.657
19748,0.0532,0.0038,0.0315,0.0017,0.0068,0.4988,0.4042
19749,0.2556,0.0236,0.0032,0.0011,0.0846,0.1243,0.5076
19750,0.0015,0.0031,0.935,0.0003,0.0013,0.0089,0.05
19751,0.1363,0.0022,0.0029,0.0034,0.0084,0.6402,0.2066
19752,0.3614,0.0078,0.0354,0.0011,0.0148,0.127,0.4524
19753,0.0049,0.0022,0.0012,0.5482,0.005,0.0392,0.3993
19754,0.0375,0.0079,0.0065,0.0061,0.0202,0.3595,0.5621
19755,0.5188,0.0028,0.0036,0.0012,0.0132,0.199,0.2612
19756,0.0011,0.0024,0.9542,0.0002,0.0009,0.0057,0.0354
19757,0.0919,0.003,0.0036,0.0013,0.0066,0.3198,0.5737
19758,0.0055,0.2808,0.0063,0.0014,0.0053,0.2208,0.4799
19759,0.0706,0.0067,0.0033,0.0013,0.0197,0.47,0.4283
19760,0.0072,0.1166,0.065,0.0032,0.0112,0.1701,0.6268
19761,0.0946,0.0011,0.0021,0.0015,0.0084,0.6005,0.2917
19762,0.0577,0.0051,0.003,0.1167,0.0089,0.3743,0.4343
19763,0.0144,0.0102,0.0029,0.0013,0.0036,0.4899,0.4777
19764,0.06,0.0132,0.0407,0.002,0.0573,0.33,0.4967
19765,0.0086,0.0234,0.0116,0.04,0.021,0.2256,0.6698
19766,0.0393,0.0057,0.0027,0.0024,0.0078,0.5546,0.3875
19767,0.0016,0.0038,0.8807,0.0003,0.0013,0.0221,0.0902
19768,0.0052,0.4044,0.0107,0.0057,0.0076,0.1311,0.4354
19769,0.0011,0.0024,0.9542,0.0002,0.0009,0.0057,0.0354
19770,0.4167,0.01,0.0051,0.001,0.0214,0.0944,0.4514
19771,0.0128,0.4378,0.0017,0.001,0.0036,0.3351,0.2079
19772,0.0191,0.0061,0.0028,0.0288,0.0072,0.5075,0.4285
19773,0.009,0.0139,0.0026,0.001,0.01,0.4529,0.5105
19774,0.0044,0.0313,0.0051,0.0016,0.0067,0.4814,0.4695
19775,0.01,0.0056,0.6126,0.0007,0.016,0.0306,0.3246
19776,0.0011,0.0026,0.9519,0.0002,0.0009,0.006,0.0372
19777,0.0227,0.0077,0.0021,0.0012,0.0035,0.751,0.2118
19778,0.0077,0.0683,0.1347,0.0019,0.0121,0.194,0.5813
19779,0.0403,0.0103,0.0263,0.0021,0.0141,0.5195,0.3875
19780,0.0218,0.0203,0.1051,0.0128,0.0232,0.3036,0.5133
19781,0.0584,0.0369,0.0052,0.0019,0.0166,0.3023,0.5787
19782,0.0389,0.006,0.0029,0.0014,0.0057,0.6009,0.3442
19783,0.1821,0.3471,0.0018,0.0012,0.0093,0.1519,0.3067
19784,0.2482,0.0462,0.0042,0.0014,0.0828,0.2169,0.4003
19785,0.2646,0.0061,0.0218,0.0012,0.0106,0.2578,0.4379
19786,0.2235,0.0017,0.0023,0.0008,0.0049,0.1698,0.5971
19787,0.0011,0.0021,0.9534,0.0002,0.0009,0.0059,0.0364
19788,0.0563,0.7479,0.0012,0.0008,0.0026,0.0486,0.1425
19789,0.0016,0.7562,0.0012,0.0013,0.0024,0.0468,0.1905
19790,0.4852,0.0014,0.0031,0.0012,0.0539,0.133,0.3221
19791,0.004,0.0255,0.1385,0.0509,0.0181,0.3203,0.4427
19792,0.0087,0.0195,0.0065,0.0018,0.1838,0.346,0.4337
19793,0.0222,0.0689,0.0039,0.6037,0.0074,0.0201,0.2739
19794,0.0033,0.009,0.0024,0.0011,0.0042,0.5906,0.3893
19795,0.0413,0.0137,0.0034,0.0012,0.0524,0.09,0.7979
19796,0.0258,0.34,0.0041,0.0012,0.0318,0.0973,0.4999
19797,0.0013,0.0024,0.9456,0.0003,0.001,0.007,0.0425
19798,0.0259,0.0091,0.0028,0.0051,0.007,0.6166,0.3335
19799,0.0011,0.002,0.9509,0.0002,0.0009,0.0061,0.0388
19800,0.2124,0.2833,0.0033,0.0013,0.0245,0.0902,0.385
19801,0.4193,0.0037,0.04,0.0009,0.0758,0.0537,0.4065
19802,0.0028,0.0005,0.0004,0.9097,0.0018,0.0104,0.0745
19803,0.0406,0.01,0.0023,0.0037,0.0417,0.625,0.2769
19804,0.3626,0.0056,0.0037,0.0013,0.0387,0.1298,0.4584
19805,0.0013,0.0023,0.945,0.0003,0.001,0.0075,0.0427
19806,0.0103,0.0104,0.0342,0.0019,0.0121,0.3303,0.6007
19807,0.0055,0.0155,0.4277,0.002,0.0028,0.0773,0.4691
19808,0.1809,0.0064,0.0455,0.0013,0.0152,0.0516,0.699
19809,0.0011,0.0021,0.9536,0.0002,0.0009,0.0059,0.0361
19810,0.023,0.0087,0.0023,0.0012,0.0039,0.6828,0.2779
19811,0.0099,0.0199,0.0761,0.0057,0.0151,0.4234,0.4499
19812,0.0011,0.0021,0.955,0.0002,0.0008,0.0058,0.0351
19813,0.0066,0.0234,0.1701,0.0069,0.0174,0.227,0.5485
19814,0.2424,0.0675,0.0054,0.0469,0.0403,0.1832,0.4143
19815,0.0069,0.3901,0.0061,0.0017,0.0054,0.1945,0.3953
19816,0.0054,0.5891,0.0031,0.0013,0.005,0.1153,0.2808
19817,0.1216,0.0399,0.005,0.0019,0.0397,0.4292,0.3628
19818,0.2571,0.001,0.0021,0.0007,0.0076,0.1228,0.6087
19819,0.0227,0.0275,0.0265,0.002,0.0159,0.4682,0.4373
19820,0.0244,0.6916,0.0018,0.0008,0.0028,0.1358,0.1428
19821,0.0537,0.4806,0.0018,0.0011,0.0201,0.1761,0.2667
19822,0.139,0.5639,0.0021,0.0008,0.0049,0.0611,0.2281
19823,0.0023,0.5843,0.0036,0.0009,0.0062,0.1544,0.2484
19824,0.4388,0.0021,0.001,0.0003,0.0032,0.0262,0.5284
19825,0.002,0.7171,0.0025,0.003,0.0039,0.1012,0.1703
19826,0.0086,0.0272,0.0034,0.0016,0.0066,0.5437,0.4089
19827,0.3887,0.0033,0.005,0.0014,0.0329,0.1648,0.4039
19828,0.0023,0.0013,0.9489,0.0002,0.001,0.0055,0.0408
19829,0.0147,0.0055,0.0329,0.0048,0.0117,0.3483,0.582
19830,0.001,0.0021,0.9555,0.0002,0.0008,0.0056,0.0349
19831,0.1689,0.0214,0.0297,0.0016,0.1558,0.1697,0.4529
19832,0.0559,0.0095,0.0046,0.005,0.0309,0.1305,0.7636
19833,0.0305,0.0043,0.0198,0.0018,0.0159,0.6385,0.2894
19834,0.0485,0.002,0.6419,0.0134,0.0073,0.065,0.2219
19835,0.0675,0.0043,0.0281,0.0028,0.0077,0.527,0.3625
19836,0.001,0.002,0.9565,0.0002,0.0009,0.0055,0.0339
19837,0.0013,0.0121,0.9156,0.0003,0.001,0.0113,0.0584
19838,0.0012,0.0028,0.9468,0.0002,0.001,0.0067,0.0412
19839,0.0052,0.02,0.0498,0.0014,0.0059,0.2867,0.6309
19840,0.0534,0.0796,0.0063,0.0029,0.0408,0.2804,0.5366
19841,0.0079,0.0195,0.6248,0.0009,0.0063,0.0278,0.3127
19842,0.0008,0.001,0.9631,0.0001,0.0007,0.0041,0.0302
19843,0.2545,0.0111,0.0056,0.0013,0.0078,0.1627,0.557
19844,0.0058,0.029,0.088,0.0071,0.0102,0.2763,0.5835
19845,0.0009,0.0011,0.958,0.0002,0.0008,0.0042,0.0348
19846,0.0009,0.0019,0.959,0.0002,0.0007,0.0052,0.0321
19847,0.1416,0.0418,0.0036,0.0017,0.0183,0.2714,0.5216
19848,0.1188,0.0245,0.0309,0.0018,0.0918,0.2239,0.5082
19849,0.0594,0.0184,0.0034,0.0009,0.0036,0.6263,0.2881
19850,0.0051,0.0068,0.0014,0.0009,0.0031,0.2985,0.6842
19851,0.0011,0.0024,0.9565,0.0002,0.0009,0.0067,0.0322
19852,0.2171,0.0079,0.0311,0.0017,0.0274,0.3167,0.3982
19853,0.0955,0.0771,0.0031,0.0129,0.0276,0.1836,0.6001
19854,0.0012,0.002,0.9487,0.0002,0.0009,0.0064,0.0406
19855,0.0856,0.0075,0.0039,0.0013,0.0083,0.4246,0.4688
19856,0.0399,0.0069,0.003,0.0015,0.0055,0.5181,0.4252
19857,0.2509,0.0102,0.0438,0.002,0.0617,0.2564,0.3751
19858,0.0386,0.0756,0.003,0.0015,0.0054,0.5653,0.3107
19859,0.0437,0.0076,0.0026,0.0013,0.0036,0.533,0.4081
19860,0.0774,0.0065,0.0383,0.0267,0.0107,0.4771,0.3632
19861,0.4545,0.0033,0.0028,0.0011,0.0082,0.2359,0.2941
19862,0.0042,0.6768,0.0029,0.0008,0.0052,0.1425,0.1676
19863,0.2472,0.0056,0.0212,0.0012,0.0761,0.2594,0.3894
19864,0.1127,0.0103,0.0031,0.0012,0.0042,0.4536,0.4148
19865,0.0063,0.0391,0.0321,0.0026,0.0107,0.3455,0.5637
19866,0.01,0.7659,0.0015,0.0005,0.0022,0.0737,0.1461
19867,0.116,0.0045,0.0024,0.0014,0.0052,0.5607,0.3097
19868,0.0356,0.0895,0.0036,0.0026,0.0416,0.3624,0.4648
19869,0.001,0.0023,0.9559,0.0002,0.0008,0.0055,0.0342
19870,0.16,0.0188,0.0534,0.003,0.0573,0.3384,0.3692
19871,0.0467,0.0199,0.0029,0.0034,0.0035,0.4148,0.5089
19872,0.0119,0.2754,0.0033,0.0014,0.0075,0.2844,0.4161
19873,0.2647,0.0054,0.0021,0.0008,0.0306,0.0895,0.607
19874,0.0315,0.0029,0.0026,0.0016,0.0075,0.2292,0.7247
19875,0.0049,0.0799,0.3031,0.0018,0.0084,0.1427,0.4592
19876,0.0053,0.7552,0.0012,0.0006,0.0025,0.0541,0.1811
19877,0.0058,0.0236,0.2399,0.0012,0.0063,0.2315,0.4917
19878,0.001,0.0008,0.9516,0.0002,0.0007,0.0076,0.0381
19879,0.0042,0.0015,0.0006,0.8205,0.0029,0.0169,0.1533
19880,0.0078,0.7442,0.0012,0.0006,0.0033,0.104,0.1388
19881,0.2324,0.0015,0.0035,0.001,0.005,0.1103,0.6464
19882,0.0291,0.2536,0.0039,0.0335,0.0155,0.156,0.5085
19883,0.4483,0.0021,0.0032,0.0019,0.0076,0.2409,0.2961
19884,0.5173,0.0011,0.002,0.0008,0.0359,0.0679,0.375
19885,0.0283,0.0055,0.0027,0.0014,0.0037,0.6619,0.2965
19886,0.0085,0.0532,0.0024,0.0012,0.0043,0.664,0.2665
19887,0.0725,0.0262,0.0081,0.002,0.0794,0.4017,0.41
19888,0.001,0.0007,0.969,0.0001,0.0006,0.0032,0.0253
19889,0.2512,0.0017,0.0039,0.1155,0.0176,0.1747,0.4355
19890,0.0085,0.8423,0.0013,0.0006,0.0079,0.0257,0.1138
19891,0.1157,0.0103,0.0671,0.0028,0.0318,0.2992,0.4729
19892,0.0551,0.0062,0.0029,0.0034,0.0078,0.5993,0.3253
19893,0.0172,0.0019,0.0019,0.3563,0.0084,0.0678,0.5466
19894,0.7872,0.0008,0.0015,0.0005,0.0135,0.0368,0.1596
19895,0.2151,0.003,0.0023,0.0011,0.0396,0.2167,0.5222
19896,0.0289,0.017,0.0359,0.0017,0.0215,0.4161,0.4788
19897,0.0476,0.0111,0.0219,0.0031,0.417,0.1311,0.3682
19898,0.0036,0.777,0.0032,0.0002,0.0723,0.0319,0.1117
19899,0.2115,0.0042,0.0028,0.001,0.0062,0.2256,0.5487
19900,0.001,0.0013,0.9624,0.0002,0.0009,0.0044,0.0299
19901,0.0098,0.0236,0.0358,0.003,0.0142,0.2997,0.6138
19902,0.0066,0.6753,0.0014,0.0009,0.0027,0.0572,0.256
19903,0.029,0.478,0.0016,0.001,0.0028,0.303,0.1846
19904,0.0289,0.4739,0.0018,0.0008,0.0057,0.2753,0.2136
19905,0.0941,0.0496,0.0046,0.0021,0.1769,0.2242,0.4485
19906,0.0157,0.0466,0.0506,0.0023,0.2269,0.2477,0.4102
19907,0.0409,0.0092,0.0065,0.0019,0.0097,0.4646,0.4671
19908,0.0826,0.008,0.0305,0.0037,0.0146,0.5555,0.3051
19909,0.0014,0.0009,0.9548,0.0002,0.0008,0.0044,0.0374
19910,0.0047,0.0237,0.0427,0.0014,0.0055,0.462,0.4601
19911,0.1235,0.1261,0.0035,0.0015,0.0066,0.3847,0.3541
19912,0.1354,0.0051,0.0031,0.0025,0.0107,0.6074,0.2359
19913,0.0789,0.0011,0.0021,0.0012,0.0047,0.6189,0.293
19914,0.0012,0.0019,0.9506,0.0002,0.0009,0.0063,0.0388
19915,0.0367,0.0129,0.1285,0.0101,0.0371,0.2705,0.5043
19916,0.0019,0.0014,0.001,0.8104,0.0055,0.0089,0.171
19917,0.0191,0.0199,0.0029,0.0015,0.004,0.4648,0.4878
19918,0.3443,0.0087,0.0035,0.0015,0.0028,0.1982,0.4411
19919,0.0106,0.0033,0.0024,0.0014,0.0101,0.5661,0.4062
19920,0.0678,0.0163,0.0031,0.0012,0.0044,0.4139,0.4934
19921,0.1882,0.0114,0.026,0.0017,0.1072,0.3355,0.3301
19922,0.0069,0.0093,0.0038,0.0017,0.0051,0.6188,0.3543
19923,0.0011,0.0025,0.954,0.0002,0.0008,0.0057,0.0357
19924,0.0125,0.0327,0.0245,0.0016,0.0102,0.4911,0.4273
19925,0.0011,0.0019,0.9579,0.0002,0.0008,0.0058,0.0323
19926,0.0009,0.0009,0.9639,0.0002,0.0007,0.0036,0.0299
19927,0.0346,0.0358,0.0299,0.0024,0.0576,0.4474,0.3923
19928,0.019,0.0063,0.0036,0.0034,0.0046,0.5367,0.4263
19929,0.0184,0.0098,0.0055,0.0115,0.0377,0.4835,0.4337
19930,0.0875,0.0049,0.0029,0.001,0.0116,0.1007,0.7915
19931,0.19,0.0186,0.0296,0.007,0.0364,0.3194,0.399
19932,0.0012,0.0008,0.9491,0.0002,0.0008,0.0066,0.0413
19933,0.042,0.0017,0.0023,0.0011,0.0041,0.7398,0.209
19934,0.0049,0.0142,0.0032,0.0015,0.0093,0.256,0.7109
19935,0.0196,0.0719,0.0028,0.0023,0.0097,0.6118,0.2819
19936,0.0243,0.089,0.0271,0.0014,0.0122,0.3238,0.5221
19937,0.0134,0.061,0.0546,0.0023,0.0134,0.4579,0.3974
19938,0.0559,0.0288,0.1292,0.0015,0.1869,0.1023,0.4955
19939,0.3209,0.0048,0.0031,0.0012,0.0463,0.1766,0.447
19940,0.1139,0.0168,0.0033,0.0022,0.031,0.1591,0.6738
19941,0.0014,0.0026,0.94,0.0003,0.0011,0.0085,0.0462
19942,0.0136,0.437,0.002,0.001,0.0061,0.2312,0.3092
19943,0.2083,0.0014,0.0026,0.0015,0.0147,0.442,0.3294
19944,0.0012,0.0021,0.9499,0.0002,0.001,0.0064,0.0393
19945,0.0952,0.0157,0.1317,0.0027,0.012,0.2066,0.5361
19946,0.1044,0.0437,0.0043,0.0029,0.0166,0.3812,0.4469
19947,0.0042,0.1538,0.0517,0.096,0.0207,0.2053,0.4683
19948,0.0061,0.0148,0.0277,0.0014,0.0068,0.3342,0.609
19949,0.053,0.0067,0.026,0.0021,0.0193,0.5876,0.3053
19950,0.001,0.0021,0.9549,0.0002,0.0008,0.0057,0.0353
19951,0.0105,0.0037,0.0022,0.4978,0.0063,0.0352,0.4442
19952,0.2992,0.0086,0.0029,0.0012,0.0051,0.3564,0.3266
